function dy = chap1_6f(t, y, flag, para) 

F = [ -0.1061    0.0503        0         0.0558         0                0
          0.0168   -0.1086    0.0360         0          0.0558          0
              0         0.0216   -0.0775        0             0            0.0558
          0.1408         0             0        -0.1858     0.0392          0
              0        0.1408         0         0.0131     -0.1878      0.0281
              0             0        0.1408         0            0.0168    -0.1636];

B = 1.0e-03 *[0.2325         0            0
                            0       0.2325         0
                            0             0        0.2325
                            0             0            0
                            0             0            0
                            0             0            0    ];
dy = F*y + B*u;

% u=para; 
% J=0.0067;
% B=0.1; 
% 
% dy=zeros(2,1); 
% dy(1) = y(2); 
% dy(2) = -(B/J)*y(2) + (1/J)*u; 


u=para;
dy = 2*t;


